def sortTheStudents(score, k):
    i=1
    swapped = True
    while i<len(score):
        j=0
        while j < len(score)-1:
            if score[j][k]<score[j+1][k]:
                temp=score[j]
                score[j]=score[j+1]
                score[j+1]=temp
            j+=1
        i+=1

    score1 = [[64766,11978,20502,21365,79611,36797,58431,89540,59373,25955],[23358,84599,4675,20979,76889,34630,64098,23468,71448,17848],[51305,66104,88468,5333,17233,32521,14087,42738,46669,65662],[93306,92793,54009,9715,24354,24895,20069,93332,73836,64359]] 
    print(score==score1)
    print(score)        
sortTheStudents([[64766,11978,20502,21365,79611,36797,58431,89540,59373,25955],[51305,66104,88468,5333,17233,32521,14087,42738,46669,65662],[93306,92793,54009,9715,24354,24895,20069,93332,73836,64359],[23358,84599,4675,20979,76889,34630,64098,23468,71448,17848]],5)